1.122395837187716277e-03
2.850577594309013918e-01
2.987461295368996211e-02
2.159374732841132585e-02
6.421953385316750938e-03
9.966059062526869128e-02
2.054818065223744383e-02
1.497259888685450882e-03
2.237078231070057863e-02
5.316242409695850352e-02
8.852684706678470719e-04
1.013567703555265237e-01
1.459330243643722214e-02
7.544412384790311066e-03
3.139241713751822591e-04
5.680007358738605738e-01
2.333994686451642542e-01
1.103694003856598208e-04
3.034960893413165411e-02
2.548345921541330522e-02
4.088918650298115770e-02
5.813985227739616041e-04
3.865195399149358186e-03
1.048479805851038234e-02
1.976863673340251149e-01
2.132238519326384307e-01
3.146446900545674663e-01
5.129215327399586632e-01
8.597635497061024978e-02
1.654448278557466706e-02
5.594023841986447282e-02
9.413127279612256704e-01
9.193952428936932320e-01
1.167248893571844331e-01
2.038536308545678064e-02
1.575773976640616400e-03
8.163686839669273207e-03
5.245275609362634768e-03
7.084969364615812358e-03
1.820934384754137603e-01
2.709171887940797774e-02
1.276111044032011456e-03
7.988861273839280297e-02
5.635238767058414755e-02
3.408698669847012863e-03
2.745658850368312698e-01
1.779691999251467038e-01
1.247819082704272435e-02
1.843393744236749784e-04
1.678259833198067486e-02
9.877135412247257662e-01
9.913311828780977386e-01
9.975135566510845431e-01
6.084478357028190176e-01
7.541124016170264177e-01
5.050427575265414859e-01
6.330049340365041799e-02
5.804186747258919254e-01
9.950174538945797398e-01
9.993315840400083250e-01
7.855252878720662135e-01
9.989482494781999344e-01
9.537145822645878290e-01
8.865974343359245280e-01
2.213223484726422607e-01
9.958350552474261042e-01
9.316679566211533148e-01
9.982581982607164894e-01
9.957418939289095494e-01
4.226928324658049685e-01
9.918581203962861803e-01
9.974623963677079486e-01
9.998778969987951459e-01
9.905053393324252387e-01
7.774390087503371127e-01
7.773152632172571908e-01
9.968230031508258371e-01
9.923259478330079819e-01
9.664855177504606543e-01
9.387761611328582223e-01
2.316885721619621474e-01
9.717913036676176786e-01
7.090723553925496470e-01
9.102080270923388339e-01
9.994294885187823274e-01
9.954922326694712886e-01
9.524477917297869967e-01
9.957167445938246431e-01
9.924785256771954112e-01
7.462348616447014304e-01
9.479347835961968727e-01
9.506539715016986136e-01
4.462658874373676698e-01
9.996114207519497530e-01
9.509935402749079003e-01
9.027772594088226965e-01
9.894315844910476221e-01
9.964425757169610431e-01
9.997382747024782246e-01
9.457444829601262537e-01
