6.162391548903040084e-02
6.048796810421938064e-01
6.053557841229254555e-01
1.150513690437625913e-01
9.795695982369624633e-02
1.905903343325617005e-02
3.871935330042325768e-08
5.272944974434785603e-01
1.071641904732889838e-01
2.238367552464355648e-02
1.133818401659231756e-01
1.322096958539937250e-01
6.894627907741216789e-03
2.979540998265424179e-01
3.119748105052665664e-03
6.957643340269341337e-02
2.480807931599821603e-01
6.690340108127051932e-01
6.571842329756423240e-01
8.227551692333961997e-02
5.158042529944271981e-02
4.680143614011685743e-02
5.689821863695567750e-01
6.439194139567873121e-01
1.346114521751581861e-01
3.293513310152700879e-01
1.553648531541600326e-02
3.272176637052414544e-02
2.963069974300962597e-02
1.972130872159474357e-01
3.299479026391354680e-02
1.847281451100405425e-01
5.104753564547604566e-02
2.516936724491145028e-01
4.053097681124290252e-01
5.007484866558072900e-01
6.880660175541657153e-02
9.451180029015403550e-01
3.169660334385225875e-01
8.599453265069338659e-02
2.846877471988981112e-01
9.152471216280430033e-01
1.977353923890409482e-01
1.343264358888897614e-01
7.939159092392201198e-04
5.778242549591107446e-02
4.240560689444515807e-01
9.402456921319801708e-02
7.690604985149403217e-02
6.168790916165547422e-01
8.909570174091592243e-01
3.956286568812473203e-01
7.609474808329916851e-01
8.343763411288297460e-01
7.273790799991557421e-01
9.860844854720662855e-01
5.385272598199710714e-01
4.893947412286386300e-01
8.166151050477169493e-01
8.877056439274940702e-01
9.317912528482407142e-01
8.255501356163154059e-01
2.597038690571759068e-01
9.790245634104653982e-01
9.156122032100032504e-01
9.419300737527568357e-01
9.101277070210086473e-01
8.270696437726555716e-01
6.881942526489724932e-01
9.182383228946936482e-01
9.910488696733733560e-01
5.662167894596241702e-01
8.443637702663913114e-01
7.792128150709313195e-01
9.102252996054607248e-01
9.319032736499703873e-01
9.769546346480695309e-01
8.586693531147112646e-01
9.830833045893430100e-01
4.748240518419732381e-01
2.275697924237355674e-01
9.950244500848012263e-01
8.824186277671460799e-01
9.752987402038502118e-01
8.257180666971672967e-01
9.407480118178406236e-01
9.419868846814298813e-01
8.530695142675527309e-01
8.902760775467883914e-01
9.307810731353819422e-01
4.645490332292917524e-01
7.525980650207816369e-01
7.167322393843699180e-01
7.660901080304064470e-01
8.790764865208453571e-01
8.859814324756647430e-01
9.226029691285437817e-01
8.745839080203954286e-01
9.501455362742672328e-01
7.261190624832042362e-01
